 Selection Sort, Merge Sort ve Binary Search Tree Projesi




Proje 1 
Selection Sort Projesi

[2,3,5,8,7,9,4,15,6]

[2,3,5,8,7,9,4,15,6]

[2,3,4,8,7,9,5,15,6]
 
[2,3,4,5,7,9,8,15,6]

---------------------------------------------------------------------
Proje 2
Merge Sort Projesi
1. 
[16, 21, 11]        [8, 12, 22]
2. 
[16]     [21, 11]
        [21] [11]

3. 
[8]     [12, 22]
        [12] [22]

4. 
[16]     [11, 21]
[11, 16, 21]

[8]     [12, 22]
[8, 12, 22]

5. 
[11, 16, 21] [8, 12, 22]
[8, 11, 12, 16, 21, 22]


[11,16,21] ve [8,12,22] -> [8,11,12,16,21,22]
ğ‘‚(ğ‘›logâ¡ğ‘›)

---------------------------------------------------------------------

Proje 3
Binary Search Tree Projesi

        7
       / \
      5   8
     / \   \
    1   6   9
   / \
  0   3
     / \
    2   4